# Солнечная система
Star 3 maroon 1.0E30 0 0 0 0

Planet 2 blueviolet 10 0 1.0E11 25834.24084 0
Planet 2 blueviolet 10 0.95105651629515357211643933337938E11 0.30901699437494742410229341718282E11 7983.21946 -24569.8231
Planet 2 blueviolet 10 -0.95105651629515357211643933337938E11 0.30901699437494742410229341718282E11 7983.21946 24569.8231
Planet 2 blueviolet 10 0.58778525229247312916870595463907E11 -0.80901699437494742410229341718282E11 -20900.33988 -15184.98577
Planet 2 blueviolet 10 -0.58778525229247312916870595463907E11 -0.80901699437494742410229341718282E11 -20900.33988 15184.98577

Planet 2 blueviolet 10 0 -2.0E11 18267.56689 0
Planet 2 blueviolet 10 1.563662964936059617416889053348115E11 -1.24697960371746706105000976800847E11 11389.641659311368739 14282.1589009672823687557
Planet 2 blueviolet 10 -1.56366296493605961741688905334811E11 -1.24697960371746706105000976800847E11 11389.641659311368739 -14282.158900967282368755
Planet 2 blueviolet 10 1.949855824363647214036263365987862E11 4.450418679126288085778051289935895E10 -4064.916044981195420 17809.5608465580766563061
Planet 2 blueviolet 10 -1.94985582436364721403626336598786E11 4.450418679126288085778051289935895E10 -4064.916044981195420 -17809.560846558076656306
Planet 2 blueviolet 10 8.677674782351162409515366656967175E10 1.801937735804838252472204639014890E11 -16458.50905822679331 7926.00022585582525573984
Planet 2 blueviolet 10 -8.67767478235116240951536665696717E10 1.801937735804838252472204639014890E11 -16458.50905822679331 -7926.0002258558252557398

Planet 2 blueviolet 10 0 3.0E11 14915.40590575172155724743074076276139535876 0
Planet 2 blueviolet 10 0 -3.0E11 -14915.40590575172155724743074076276139535876 0
Planet 2 blueviolet 10 3.0E11 0 0 -14915.40590575172155724743074076276139535876
Planet 2 blueviolet 10 -3.0E11 0 0 14915.40590575172155724743074076276139535876
Planet 2 blueviolet 10 2.121320343559642573202533086314547E11 2.121320343559642573202533086314547E11 10546.784660106921262705255352689081092 -10546.784660106921262705255352689081092
Planet 2 blueviolet 10 -2.121320343559642573202533086314547E11 2.121320343559642573202533086314547E11 10546.784660106921262705255352689081092 10546.784660106921262705255352689081092
Planet 2 blueviolet 10 2.121320343559642573202533086314547E11 -2.121320343559642573202533086314547E11 -10546.784660106921262705255352689081092 -10546.784660106921262705255352689081092
Planet 2 blueviolet 10 -2.121320343559642573202533086314547E11 -2.121320343559642573202533086314547E11 -10546.784660106921262705255352689081092 10546.784660106921262705255352689081092


##########################################################################################
Star	3	maroon	1E+30	4.00E+12	0.00E+00	0	4084.752134

Planet	2	blueviolet	10	4.00E+12	1.00E+11	25834.24084	4084.752134
Planet	2	blueviolet	10	4.10E+12	3.09E+10	7983.21946	-20485.07097
Planet	2	blueviolet	10	3.90E+12	3.09E+10	7983.21946	28654.57523
Planet	2	blueviolet	10	4.06E+12	-8.09E+10	-20900.33988	-11100.23364
Planet	2	blueviolet	10	3.94E+12	-8.09E+10	-20900.33988	19269.7379

Planet	2	blueviolet	10	4.00E+12	-2.00E+11	18267.56689	4084.752134
Planet	2	blueviolet	10	4.16E+12	-1.25E+11	11389.64166	18366.91104
Planet	2	blueviolet	10	3.84E+12	-1.25E+11	11389.64166	-10197.40677
Planet	2	blueviolet	10	4.19E+12	4.45E+10	-4064.916045	21894.31298
Planet	2	blueviolet	10	3.81E+12	4.45E+10	-4064.916045	-13724.80871
Planet	2	blueviolet	10	4.09E+12	1.80E+11	-16458.50906	12010.75236
Planet	2	blueviolet	10	3.91E+12	1.80E+11	-16458.50906	-3841.248091

Planet	2	blueviolet	10	4.00E+12	3.00E+11	14915.40591	4084.752134
Planet	2	blueviolet	10	4.00E+12	-3.00E+11	-14915.40591	4084.752134
Planet	2	blueviolet	10	4.30E+12	0.00E+00	0	-10830.65377
Planet	2	blueviolet	10	3.70E+12	0.00E+00	0	19000.15804
Planet	2	blueviolet	10	4.21E+12	2.12E+11	10546.78466	-6462.032526
Planet	2	blueviolet	10	3.79E+12	2.12E+11	10546.78466	14631.53679
Planet	2	blueviolet	10	4.21E+12	-2.12E+11	-10546.78466	-6462.032526
Planet	2	blueviolet	10	3.79E+12	-2.12E+11	-10546.78466	14631.53679

Star	3	maroon	1.00E+30	-4.00E+12	0.00E+00	0	-4084.752134

Planet	2	blueviolet	1.00E+01	-4.00E+12	1.00E+11	25834.24084	-4084.752134
Planet	2	blueviolet	1.00E+01	-3.90E+12	3.09E+10	7983.21946	-28654.57523
Planet	2	blueviolet	1.00E+01	-4.10E+12	3.09E+10	7983.21946	20485.07097
Planet	2	blueviolet	1.00E+01	-3.94E+12	-8.09E+10	-20900.33988	-19269.7379
Planet	2	blueviolet	1.00E+01	-4.06E+12	-8.09E+10	-20900.33988	11100.23364

Planet	2	blueviolet	1.00E+01	-4.00E+12	-2.00E+11	18267.56689	-4084.752134
Planet	2	blueviolet	1.00E+01	-3.84E+12	-1.25E+11	11389.64166	10197.40677
Planet	2	blueviolet	1.00E+01	-4.16E+12	-1.25E+11	11389.64166	-18366.91104
Planet	2	blueviolet	1.00E+01	-3.81E+12	4.45E+10	-4064.916045	13724.80871
Planet	2	blueviolet	1.00E+01	-4.19E+12	4.45E+10	-4064.916045	-21894.31298
Planet	2	blueviolet	1.00E+01	-3.91E+12	1.80E+11	-16458.50906	3841.248091
Planet	2	blueviolet	1.00E+01	-4.09E+12	1.80E+11	-16458.50906	-12010.75236

Planet	2	blueviolet	1.00E+01	-4.00E+12	3.00E+11	14915.40591	-4084.752134
Planet	2	blueviolet	1.00E+01	-4.00E+12	-3.00E+11	-14915.40591	-4084.752134
Planet	2	blueviolet	1.00E+01	-3.70E+12	0.00E+00	0	-19000.15804
Planet	2	blueviolet	1.00E+01	-4.30E+12	0.00E+00	0	10830.65377
Planet	2	blueviolet	1.00E+01	-3.79E+12	2.12E+11	10546.78466	-14631.53679
Planet	2	blueviolet	1.00E+01	-4.21E+12	2.12E+11	10546.78466	6462.032526
Planet	2	blueviolet	1.00E+01	-3.79E+12	-2.12E+11	-10546.78466	-14631.53679
Planet	2	blueviolet	1.00E+01	-4.21E+12	-2.12E+11	-10546.78466	6462.032526



